   1
 35.500 -50.200
  86
 42.035 -48.071
 41.695 -47.055
 41.562 -46.717
 41.441 -46.460
 41.281 -46.216
 40.688 -45.471
 40.449 -45.251
 39.921 -44.783
 39.712 -44.653
 39.006 -44.250
 38.792 -44.149
 37.817 -43.740
 37.485 -43.688
 37.101 -43.644
 36.745 -43.611
 36.507 -43.609
 36.152 -43.624
 35.322 -43.690
 34.250 -43.784
 34.012 -43.830
 33.772 -43.913
 33.165 -44.169
 32.674 -44.392
 32.054 -44.688
 31.298 -45.073
 31.179 -45.163
 30.642 -45.571
 30.305 -45.814
 30.063 -46.060
 29.402 -46.729
 28.725 -47.540
 28.488 -47.870
 27.911 -48.698
 27.335 -49.783
 27.084 -50.284
 26.902 -50.617
 26.706 -51.208
 26.499 -51.885
 26.448 -52.141
 26.374 -52.740
 26.327 -53.255
 26.335 -53.515
 26.387 -53.865
 26.604 -54.854
 27.070 -55.550
 27.202 -55.731
 27.365 -55.914
 27.583 -56.099
 27.978 -56.382
 28.419 -56.664
 28.969 -56.971
 29.408 -57.190
 29.708 -57.300
 30.319 -57.486
 30.937 -57.655
 31.407 -57.754
 32.677 -57.958
 32.996 -58.005
 33.319 -58.004
 34.128 -57.961
 35.580 -57.854
 36.221 -57.691
 37.172 -57.429
 37.641 -57.272
 37.950 -57.137
 38.406 -56.899
 38.856 -56.639
 39.589 -56.165
 40.051 -55.842
 40.428 -55.436
 40.850 -54.952
 41.214 -54.333
 41.430 -53.942
 41.680 -53.362
 41.850 -52.922
 41.923 -52.573
 42.137 -51.437
 42.223 -50.741
 42.227 -50.308
 42.248 -49.752
 42.253 -49.442
 42.230 -48.924
 42.203 -48.666
 42.143 -48.411
 42.035 -48.071
 42.035 -48.071
 113
 46.991 -47.853
 46.739 -46.841
 46.661 -46.590
 46.484 -46.143
 46.245 -45.592
 45.804 -44.608
 45.636 -44.355
 45.160 -43.711
 44.801 -43.242
 44.465 -42.843
 43.847 -42.119
 43.326 -41.685
 42.998 -41.424
 42.444 -41.020
 42.198 -40.852
 41.957 -40.711
 41.363 -40.396
 40.937 -40.194
 40.588 -40.042
 40.320 -39.934
 40.093 -39.871
 39.531 -39.745
 38.638 -39.561
 38.083 -39.456
 37.751 -39.414
 36.760 -39.294
 36.213 -39.308
 35.555 -39.339
 35.116 -39.374
 34.345 -39.473
 33.683 -39.574
 33.346 -39.632
 33.015 -39.723
 32.283 -39.942
 32.002 -40.038
 31.659 -40.187
 30.649 -40.639
 29.673 -41.118
 28.890 -41.647
 28.666 -41.803
 26.859 -43.123
 26.748 -43.220
 25.238 -44.783
 25.040 -45.022
 24.301 -45.995
 23.853 -46.628
 23.120 -47.673
 22.988 -47.852
 22.541 -48.648
 21.721 -50.113
 21.480 -50.605
 21.184 -51.264
 20.984 -51.760
 20.776 -52.343
 20.682 -52.678
 20.551 -53.270
 20.461 -53.779
 20.447 -54.038
 20.472 -54.648
 20.519 -55.347
 20.694 -55.964
 20.828 -56.335
 20.975 -56.611
 21.513 -57.447
 21.782 -57.750
 22.377 -58.366
 23.012 -58.920
 23.274 -59.130
 23.551 -59.307
 24.574 -59.877
 24.856 -60.003
 26.253 -60.542
 27.061 -60.784
 27.881 -61.016
 28.219 -61.076
 29.415 -61.265
 30.105 -61.370
 30.627 -61.430
 31.504 -61.506
 32.211 -61.547
 32.744 -61.552
 34.345 -61.528
 35.234 -61.494
 35.943 -61.431
 37.527 -61.251
 37.877 -61.205
 38.192 -61.138
 39.419 -60.827
 40.093 -60.649
 40.591 -60.491
 41.405 -60.191
 41.884 -59.996
 43.416 -59.200
 44.000 -58.839
 44.498 -58.501
 44.709 -58.316
 45.433 -57.580
 45.709 -57.210
 46.077 -56.671
 46.287 -56.310
 46.548 -55.771
 46.654 -55.494
 46.943 -54.614
 47.034 -54.000
 47.239 -52.335
 47.259 -51.553
 47.265 -51.032
 47.234 -49.974
 47.194 -49.218
 47.137 -48.704
 47.045 -48.107
 46.991 -47.853
 46.991 -47.853
 159
 61.231 -47.016
 60.760 -46.255
 60.260 -45.415
 59.997 -45.041
 59.002 -43.623
 58.299 -42.831
 57.069 -41.424
 56.680 -41.032
 56.171 -40.538
 55.932 -40.330
 55.363 -39.846
 54.474 -39.057
 54.151 -38.804
 53.337 -38.189
 52.778 -37.780
 51.757 -37.108
 50.860 -36.496
 50.557 -36.291
 50.328 -36.158
 49.822 -35.896
 49.327 -35.632
 48.126 -34.960
 47.760 -34.785
 47.211 -34.537
 46.346 -34.169
 45.704 -33.904
 44.809 -33.584
 44.431 -33.454
 43.934 -33.297
 43.322 -33.123
 42.109 -32.797
 41.309 -32.605
 40.912 -32.521
 40.418 -32.437
 39.632 -32.315
 38.751 -32.186
 38.361 -32.147
 37.972 -32.125
 37.584 -32.099
 37.002 -32.068
 36.323 -32.048
 34.871 -32.027
 34.290 -32.038
 33.805 -32.070
 33.027 -32.135
 31.566 -32.257
 30.192 -32.444
 29.770 -32.540
 28.796 -32.769
 28.190 -32.938
 26.654 -33.381
 26.145 -33.536
 25.208 -33.838
 24.149 -34.221
 23.274 -34.520
 23.081 -34.591
 22.811 -34.712
 21.729 -35.235
 20.814 -35.690
 19.845 -36.213
 18.904 -36.734
 18.546 -36.950
 17.841 -37.394
 17.371 -37.731
 16.146 -38.603
 15.308 -39.205
 14.952 -39.472
 14.402 -39.927
 13.924 -40.330
 13.357 -40.842
 12.297 -41.808
 11.940 -42.157
 11.305 -42.785
 10.950 -43.219
 10.176 -44.157
  9.668 -44.728
  8.843 -45.915
  8.633 -46.211
  8.339 -46.661
  8.106 -47.039
  7.525 -48.031
  7.309 -48.415
  7.123 -48.807
  6.682 -49.751
  6.495 -50.145
  6.336 -50.546
  6.046 -51.357
  5.838 -52.014
  5.643 -52.675
  5.508 -53.353
  5.452 -53.713
  5.430 -54.048
  5.368 -56.040
  5.402 -56.397
  5.497 -57.108
  5.701 -58.053
  5.836 -58.470
  6.154 -59.304
  6.571 -60.130
  6.989 -60.844
  7.200 -61.165
  8.014 -62.126
  9.279 -63.282
  9.963 -63.839
 11.102 -64.610
 11.366 -64.757
 12.952 -65.550
 14.149 -66.138
 14.467 -66.271
 15.802 -66.750
 16.673 -67.029
 18.490 -67.550
 19.258 -67.722
 22.000 -68.277
 23.068 -68.471
 23.912 -68.595
 27.391 -69.002
 29.405 -69.184
 30.315 -69.239
 31.690 -69.292
 32.843 -69.312
 36.308 -69.300
 36.999 -69.266
 38.602 -69.173
 40.871 -69.031
 41.986 -68.916
 43.748 -68.700
 44.598 -68.570
 47.307 -68.087
 48.113 -67.920
 50.641 -67.330
 51.370 -67.100
 54.141 -66.127
 54.806 -65.884
 57.027 -64.724
 57.980 -64.143
 58.486 -63.781
 59.369 -63.090
 60.320 -62.223
 61.020 -61.476
 61.346 -61.076
 61.871 -60.357
 62.438 -59.444
 62.741 -58.732
 62.878 -58.378
 63.192 -57.332
 63.384 -56.399
 63.423 -55.590
 63.470 -54.422
 63.386 -53.553
 63.280 -52.602
 63.222 -52.261
 63.009 -51.249
 62.483 -49.699
 62.156 -48.898
 61.977 -48.502
 61.377 -47.244
 61.231 -47.016
 61.231 -47.016
